Funcion,Dimension,CR,F,Poblacion,Evaluaciones,Tiempo,Mejor encontrado
rosenbrock,10,0.9,0.1,100,100000,4.71747063300063,18.789260775889584
rosenbrock,10,0.9,0.1,100,100000,4.892160135997983,28.24869727431481
rosenbrock,10,0.9,0.1,100,100000,4.612820099999226,9.971283640687417
rosenbrock,10,0.9,0.1,100,100000,4.779060012999253,25.132493956448975
rosenbrock,10,0.9,0.1,100,100000,4.716841974997806,34.18639577003508
rosenbrock,10,0.9,0.1,100,100000,4.595251672002632,34.692623598431055
rosenbrock,10,0.9,0.1,100,100000,4.684563733000687,12.987056987418057
rosenbrock,10,0.9,0.1,100,100000,4.512250530999154,8.916009200443932
rosenbrock,10,0.9,0.1,100,100000,4.4920599830002175,61.0141540531421
rosenbrock,10,0.9,0.1,100,100000,4.486223199997767,12.59886864820077
rosenbrock,10,0.9,0.3,100,100000,4.693441013998381,4.896532244240408
rosenbrock,10,0.9,0.3,100,100000,4.727660921998904,3.9714392980183146
rosenbrock,10,0.9,0.3,100,100000,4.6304740000014135,5.8892208441952105
rosenbrock,10,0.9,0.3,100,100000,4.558910093997838,6.5784145967889165
rosenbrock,10,0.9,0.3,100,100000,4.555166649999592,4.5868567880348445
rosenbrock,10,0.9,0.3,100,100000,4.514981144002377,6.009086895158024
rosenbrock,10,0.9,0.3,100,100000,4.77593817199886,6.729619214290341
rosenbrock,10,0.9,0.3,100,100000,4.912421644003189,3.442291112534139
rosenbrock,10,0.9,0.3,100,100000,4.615619039999729,7.840485844672504
rosenbrock,10,0.9,0.3,100,100000,4.579950542996812,6.632551552257999
rosenbrock,10,0.9,0.5,100,100000,4.680273431000387,6.438654416371386e-07
rosenbrock,10,0.9,0.5,100,100000,4.677558783998393,1.4159784531745677e-05
rosenbrock,10,0.9,0.5,100,100000,5.0165126220017555,1.3445080764013512e-06
rosenbrock,10,0.9,0.5,100,100000,4.582012704999215,3.498648767125146e-07
rosenbrock,10,0.9,0.5,100,100000,4.531402747001266,2.4660808504204957e-06
rosenbrock,10,0.9,0.5,100,100000,4.6474275610016775,8.118916882287817e-07
rosenbrock,10,0.9,0.5,100,100000,4.424611680999078,4.545202817658706e-06
rosenbrock,10,0.9,0.5,100,100000,4.541493304997857,4.831886442938606e-06
rosenbrock,10,0.9,0.5,100,100000,4.508004751998669,0.0003761940330539601
rosenbrock,10,0.9,0.5,100,100000,4.520330372997705,2.7143801059954065e-05
rosenbrock,10,0.9,0.7,100,100000,4.396436820999952,0.013779123280234052
rosenbrock,10,0.9,0.7,100,100000,4.515058152002894,0.08680643464870726
rosenbrock,10,0.9,0.7,100,100000,4.452535052001622,0.06603201230850797
rosenbrock,10,0.9,0.7,100,100000,4.548149342001125,0.013161132312100438
rosenbrock,10,0.9,0.7,100,100000,4.556835374998627,0.13935361420074197
rosenbrock,10,0.9,0.7,100,100000,4.537057086999994,0.1063645965042349
rosenbrock,10,0.9,0.7,100,100000,4.53372229100205,0.044155127989185354
rosenbrock,10,0.9,0.7,100,100000,4.535615498996776,0.04680137618426224
rosenbrock,10,0.9,0.7,100,100000,4.570789412002341,0.03177352510236511
rosenbrock,10,0.9,0.7,100,100000,4.54856117899908,0.0380166423698056
rosenbrock,10,0.9,0.9,100,100000,4.542283193997719,7.901473423637381
rosenbrock,10,0.9,0.9,100,100000,4.5479350030000205,9.683974849844834
rosenbrock,10,0.9,0.9,100,100000,4.536344074000226,9.875287053999429
rosenbrock,10,0.9,0.9,100,100000,4.4937045329970715,7.7647500130761795
rosenbrock,10,0.9,0.9,100,100000,4.539331064999715,8.409619663184625
rosenbrock,10,0.9,0.9,100,100000,4.5395286769999075,9.409458952077
rosenbrock,10,0.9,0.9,100,100000,4.573075017000519,11.50249963888017
rosenbrock,10,0.9,0.9,100,100000,4.5968780260009225,5.966509653804941
rosenbrock,10,0.9,0.9,100,100000,4.501165494999441,10.979234516478108
rosenbrock,10,0.9,0.9,100,100000,4.488894893001998,7.683495954069247
rastrigin,10,0.1,0.7,100,100000,5.113280338002369,9.412559620614047e-10
rastrigin,10,0.1,0.7,100,100000,5.013736650002102,7.545253311036504e-10
rastrigin,10,0.1,0.7,100,100000,5.079471991000901,3.90458154697626e-08
rastrigin,10,0.1,0.7,100,100000,5.072350734997599,2.4230757844634354e-08
rastrigin,10,0.1,0.7,100,100000,5.181981875000929,4.579348455990839e-09
rastrigin,10,0.1,0.7,100,100000,5.077670784001384,6.269431196415098e-09
rastrigin,10,0.1,0.7,100,100000,5.063435296000534,1.3193073300499236e-09
rastrigin,10,0.1,0.7,100,100000,5.0568920120022085,5.411280312728195e-09
rastrigin,10,0.1,0.7,100,100000,5.014559633000317,1.4653082303084375e-08
rastrigin,10,0.1,0.7,100,100000,5.1478362859998015,1.4691735827909724e-08
rastrigin,10,0.5,0.7,100,100000,5.054276867002045,32.84207300654546
rastrigin,10,0.5,0.7,100,100000,5.17821936800101,20.753223846162072
rastrigin,10,0.5,0.7,100,100000,5.110470730000088,36.31354097075524
rastrigin,10,0.5,0.7,100,100000,5.13798936600142,30.629756177179132
rastrigin,10,0.5,0.7,100,100000,4.954288947999885,41.11245033849785
rastrigin,10,0.5,0.7,100,100000,5.0095589850025135,34.07589602810549
rastrigin,10,0.5,0.7,100,100000,5.004766433998157,26.502046130348972
rastrigin,10,0.5,0.7,100,100000,5.035519668002962,20.90028580953694
rastrigin,10,0.5,0.7,100,100000,4.993767406998813,27.31271791888294
rastrigin,10,0.5,0.7,100,100000,4.917542596002022,30.175399398834216
rastrigin,10,0.9,0.7,100,100000,5.063660069001344,49.38416997910598
rastrigin,10,0.9,0.7,100,100000,5.115215499998158,63.67699021651732
rastrigin,10,0.9,0.7,100,100000,4.993478445998335,42.336894255185996
rastrigin,10,0.9,0.7,100,100000,5.255992210997647,67.3255335757245
rastrigin,10,0.9,0.7,100,100000,5.037375674997747,56.971979260203526
rastrigin,10,0.9,0.7,100,100000,5.117735285999515,58.70530441411875
rastrigin,10,0.9,0.7,100,100000,5.044296391999524,52.02894716966259
rastrigin,10,0.9,0.7,100,100000,5.1451483689997985,50.87898634577517
rastrigin,10,0.9,0.7,100,100000,5.130881220000447,54.349456483432064
rastrigin,10,0.9,0.7,100,100000,5.032977697002934,52.108806345983425
sphere,30,0.9,0.7,100,300000,15.5929882690034,0.04987876826074271
sphere,30,0.9,0.7,100,300000,15.076201935997233,0.1279384950221488
sphere,30,0.9,0.7,100,300000,14.997706147998542,0.09539096559470407
sphere,30,0.9,0.7,100,300000,14.946371444999386,0.16215702035781163
sphere,30,0.9,0.7,100,300000,14.932667428001878,0.09285352953708034
sphere,30,0.9,0.7,100,300000,15.104518281998025,0.10170275320156413
sphere,30,0.9,0.7,100,300000,15.133186578001187,0.14152934103738868
sphere,30,0.9,0.7,100,300000,14.844084753000061,0.09872768206755214
sphere,30,0.9,0.7,100,300000,14.63191946400184,0.06803795133861465
sphere,30,0.9,0.7,100,300000,15.066515775997686,0.1302534956881327
sphere,30,0.9,0.7,100,300000,14.68281112600016,0.15614734101884586
sphere,30,0.9,0.7,100,300000,14.93042567899829,0.03179378150525402
sphere,30,0.9,0.7,100,300000,15.073574691999966,0.15303687995073628
sphere,30,0.9,0.7,100,300000,15.095567221000238,0.059347682817203366
sphere,30,0.9,0.7,100,300000,14.993823849999899,0.1239171656127918
sphere,30,0.9,0.7,100,300000,15.098661936997814,0.08665715950680006
sphere,30,0.9,0.7,100,300000,14.880280384000798,0.10823790835061414
sphere,30,0.9,0.7,100,300000,15.111239719000878,0.05158822501483277
sphere,30,0.9,0.7,100,300000,15.106074252998951,0.14608484309120226
sphere,30,0.9,0.7,100,300000,15.348742400001356,0.1331685378494258
sphere,30,0.9,0.7,100,300000,15.130897692000872,0.04059276982054179
sphere,30,0.9,0.7,100,300000,15.326054369001213,0.1552708801078
sphere,30,0.9,0.7,100,300000,15.141806094001367,0.13605335155260195
sphere,30,0.9,0.7,100,300000,14.807326001999172,0.16153329507512518
sphere,30,0.9,0.7,100,300000,14.858574454003247,0.07586416265930278
sphere,30,0.9,0.7,100,300000,14.90078750199973,0.08928524035288277
sphere,30,0.9,0.7,100,300000,14.92662884499805,0.06784248293163052
sphere,30,0.9,0.7,100,300000,14.983299636998709,0.12116808390843987
sphere,30,0.9,0.7,100,300000,14.789682126000116,0.10540180730312905
sphere,30,0.9,0.7,100,300000,14.94014088699987,0.07044030411945505
ackley,30,0.9,0.7,100,300000,31.531520692002232,20.09066151023438
ackley,30,0.9,0.7,100,300000,31.649351069998374,20.320483816530245
ackley,30,0.9,0.7,100,300000,30.86187827699905,20.000326314450774
ackley,30,0.9,0.7,100,300000,32.38106444599907,20.54365358290203
ackley,30,0.9,0.7,100,300000,33.00059450199842,20.205640256880088
ackley,30,0.9,0.7,100,300000,32.69787832899965,20.000000656752242
ackley,30,0.9,0.7,100,300000,31.121117990998755,20.000227118827496
ackley,30,0.9,0.7,100,300000,33.09305272400161,20.025363782849144
ackley,30,0.9,0.7,100,300000,31.553053581999848,20.000000000000345
ackley,30,0.9,0.7,100,300000,30.836672450997867,20.000000067054486
ackley,30,0.9,0.7,100,300000,31.226830373001576,20.000040998700285
ackley,30,0.9,0.7,100,300000,31.872413483000855,20.09930678871389
ackley,30,0.9,0.7,100,300000,31.531598247001966,20.2483127491249
ackley,30,0.9,0.7,100,300000,31.522530954000104,20.277092297587256
ackley,30,0.9,0.7,100,300000,32.797825200999796,20.000431178540275
ackley,30,0.9,0.7,100,300000,32.19006373800221,20.00037842780826
ackley,30,0.9,0.7,100,300000,32.28320421600074,20.390648397180133
ackley,30,0.9,0.7,100,300000,30.89242569900307,20.000000880466843
ackley,30,0.9,0.7,100,300000,31.93232963599803,20.208243020614706
ackley,30,0.9,0.7,100,300000,31.468176750000566,20.1263308354612
ackley,30,0.9,0.7,100,300000,31.336966996997944,20.030975492141238
ackley,30,0.9,0.7,100,300000,31.753362035000464,20.197674643704087
ackley,30,0.9,0.7,100,300000,32.11667883399787,20.01978481763384
ackley,30,0.9,0.7,100,300000,31.353304185002344,20.00000007559799
ackley,30,0.9,0.7,100,300000,31.206938577000983,20.21884600764906
ackley,30,0.9,0.7,100,300000,30.984516384000017,20.003672875546144
ackley,30,0.9,0.7,100,300000,32.19432655499986,20.24172767195203
ackley,30,0.9,0.7,100,300000,31.21279518099982,20.000000003294826
ackley,30,0.9,0.7,100,300000,32.054216955999436,20.496825280601836
ackley,30,0.9,0.7,100,300000,31.854270152001845,20.487534084206164
griewank,30,0.9,0.7,100,300000,39.77329293200091,1.3032559267778723
griewank,30,0.9,0.7,100,300000,39.267416284998035,1.3729794205253005
griewank,30,0.9,0.7,100,300000,39.66924659199867,1.701413122043587
griewank,30,0.9,0.7,100,300000,40.193258657000115,1.7749512276608854
griewank,30,0.9,0.7,100,300000,40.17228304499804,1.21732591534668
griewank,30,0.9,0.7,100,300000,40.056174804001785,1.7090179490065265
griewank,30,0.9,0.7,100,300000,40.60922482400201,1.3669860386193096
griewank,30,0.9,0.7,100,300000,39.76936033299717,1.3316803072675187
griewank,30,0.9,0.7,100,300000,39.95529860800161,1.3330604259689849
griewank,30,0.9,0.7,100,300000,40.82173145300112,1.255991572944273
griewank,30,0.9,0.7,100,300000,39.98521975100084,1.3728067368794723
griewank,30,0.9,0.7,100,300000,40.17102282500127,1.4216288398677166
griewank,30,0.9,0.7,100,300000,40.38844756199978,1.7500446762801807
griewank,30,0.9,0.7,100,300000,40.1400900439985,1.1867682790036629
griewank,30,0.9,0.7,100,300000,40.056815496001946,1.4716739097539395
griewank,30,0.9,0.7,100,300000,39.40738918600255,1.3021478018591477
griewank,30,0.9,0.7,100,300000,39.54084473100011,1.3547861253810758
griewank,30,0.9,0.7,100,300000,41.39194421399952,1.3658768859376251
griewank,30,0.9,0.7,100,300000,40.2789794579985,1.284225933770905
griewank,30,0.9,0.7,100,300000,40.98207981499945,1.3048530552328257
griewank,30,0.9,0.7,100,300000,40.49097793600231,1.6048186309470012
griewank,30,0.9,0.7,100,300000,39.499122765999346,1.4297308105393085
griewank,30,0.9,0.7,100,300000,41.264900335001585,1.3906260367069536
griewank,30,0.9,0.7,100,300000,39.20596102399941,1.6659754938393823
griewank,30,0.9,0.7,100,300000,40.178720361996966,1.3988082460351832
griewank,30,0.9,0.7,100,300000,41.06344135099789,1.264690955951965
griewank,30,0.9,0.7,100,300000,40.338389671000186,1.4238258267425676
griewank,30,0.9,0.7,100,300000,40.85344767800052,1.4282521618998592
griewank,30,0.9,0.7,100,300000,41.60924618900026,1.4187216045417435
griewank,30,0.9,0.7,100,300000,40.96997965599803,1.296196601343043
tenth,30,0.9,0.7,100,300000,14.95000152799912,1.109089725572543
tenth,30,0.9,0.7,100,300000,15.874568762999843,0.08351537153413567
tenth,30,0.9,0.7,100,300000,15.03096960699986,2.492716321159325
tenth,30,0.9,0.7,100,300000,15.06506274200001,0.11404982277667154
tenth,30,0.9,0.7,100,300000,15.27326697099852,0.022426963837219094
tenth,30,0.9,0.7,100,300000,15.1175084480019,0.11532318824942955
tenth,30,0.9,0.7,100,300000,15.365462230001867,0.10640406724703785
tenth,30,0.9,0.7,100,300000,15.040247904998978,0.25556357233870575
tenth,30,0.9,0.7,100,300000,15.288960319998296,0.07361313110691092
tenth,30,0.9,0.7,100,300000,15.036482982999587,0.4444441817282311
tenth,30,0.9,0.7,100,300000,15.098240162002185,0.033325141520740634
tenth,30,0.9,0.7,100,300000,15.14172953399975,0.0751399850630263
tenth,30,0.9,0.7,100,300000,15.116897334999521,1.8511128188745258
tenth,30,0.9,0.7,100,300000,15.009456813000725,0.166577880461158
tenth,30,0.9,0.7,100,300000,15.011187607000466,0.02570397180927695
tenth,30,0.9,0.7,100,300000,15.329549402998964,0.014108490990847131
tenth,30,0.9,0.7,100,300000,14.893263783000293,0.011085410203562816
tenth,30,0.9,0.7,100,300000,14.969067195997923,0.059302831587392524
tenth,30,0.9,0.7,100,300000,14.787718093000876,0.00710064397913769
tenth,30,0.9,0.7,100,300000,15.000202536997676,0.05365771095360338
tenth,30,0.9,0.7,100,300000,14.839688265001314,0.07455041129574472
tenth,30,0.9,0.7,100,300000,15.223706452998158,0.05537562576925814
tenth,30,0.9,0.7,100,300000,14.954773568999371,0.2677244149505301
tenth,30,0.9,0.7,100,300000,15.01730238700111,0.15149215467092778
tenth,30,0.9,0.7,100,300000,15.129918485999951,0.032330125342712804
tenth,30,0.9,0.7,100,300000,15.25504647300113,0.006111230698182786
tenth,30,0.9,0.7,100,300000,14.907770505000371,0.11155517538411042
tenth,30,0.9,0.7,100,300000,15.354559903000336,0.059111640786600916
tenth,30,0.9,0.7,100,300000,15.101669520998257,2.639475032795077
tenth,30,0.9,0.7,100,300000,15.05157705199963,0.09383214141554418
rastrigin,30,0.9,0.7,100,300000,29.89382643600038,300.84491881283867
rastrigin,30,0.9,0.7,100,300000,29.97996159700051,267.92070400607577
rastrigin,30,0.9,0.7,100,300000,30.10106165199977,255.62621540191867
rastrigin,30,0.9,0.7,100,300000,29.967005113001505,274.3169248745176
rastrigin,30,0.9,0.7,100,300000,30.52806953700201,300.2615053324813
rastrigin,30,0.9,0.7,100,300000,30.18732411900055,302.2861061833096
rastrigin,30,0.9,0.7,100,300000,32.299261397998634,269.009049630233
rastrigin,30,0.9,0.7,100,300000,30.807989903001726,286.56058863521343
rastrigin,30,0.9,0.7,100,300000,30.135657821996574,253.69115769843802
rastrigin,30,0.9,0.7,100,300000,29.57076613299796,286.6001548298446
rastrigin,30,0.9,0.7,100,300000,29.820744973003457,265.7785508468442
rastrigin,30,0.9,0.7,100,300000,30.457289957001194,310.08639022819915
rastrigin,30,0.9,0.7,100,300000,29.848551973998838,284.9062564925848
rastrigin,30,0.9,0.7,100,300000,30.155393234999792,272.76105191233404
rastrigin,30,0.9,0.7,100,300000,30.047418138001376,274.92019999200875
rastrigin,30,0.9,0.7,100,300000,29.801893541000027,289.98619269678716
rastrigin,30,0.9,0.7,100,300000,30.57467764300236,270.8344988213025
rastrigin,30,0.9,0.7,100,300000,31.10596484599955,280.1401922197164
rastrigin,30,0.9,0.7,100,300000,29.466143359000853,300.4012391911988
rastrigin,30,0.9,0.7,100,300000,30.812443675000395,277.36785242711676
rastrigin,30,0.9,0.7,100,300000,29.65506414400079,272.07552774801997
rastrigin,30,0.9,0.7,100,300000,29.767418343002646,287.50787764518054
rastrigin,30,0.9,0.7,100,300000,30.032599181999103,306.9133459568977
rastrigin,30,0.9,0.7,100,300000,29.661168853999698,273.0227566461175
rastrigin,30,0.9,0.7,100,300000,31.15271768399907,307.5687868695805
rastrigin,30,0.9,0.7,100,300000,29.504781494997587,297.45642209639084
rastrigin,30,0.9,0.7,100,300000,30.02243108499897,301.4650323328863
rastrigin,30,0.9,0.7,100,300000,29.556985754003108,308.28416558284954
rastrigin,30,0.9,0.7,100,300000,29.820667895000952,268.98750961662216
rastrigin,30,0.9,0.7,100,300000,31.30169047600066,294.38349961714977
rosenbrock,30,0.9,0.7,100,300000,28.503612778000388,39.34103120455549
rosenbrock,30,0.9,0.7,100,300000,27.74466294800004,40.39085279731958
rosenbrock,30,0.9,0.7,100,300000,27.321488838999358,44.79281140549548
rosenbrock,30,0.9,0.7,100,300000,27.77316220300054,38.524774550469864
rosenbrock,30,0.9,0.7,100,300000,27.533361417001288,45.45259760919468
rosenbrock,30,0.9,0.7,100,300000,27.203619453997817,37.92281042780979
rosenbrock,30,0.9,0.7,100,300000,27.927418945997488,40.73198910824521
rosenbrock,30,0.9,0.7,100,300000,28.021853633999854,32.54624563747581
rosenbrock,30,0.9,0.7,100,300000,27.50772071100073,47.86690132458564
rosenbrock,30,0.9,0.7,100,300000,27.162725382000644,33.937572966459456
rosenbrock,30,0.9,0.7,100,300000,28.902057610997872,42.13536612374433
rosenbrock,30,0.9,0.7,100,300000,27.38875149800151,33.91427773082778
rosenbrock,30,0.9,0.7,100,300000,28.133750463002798,37.14146269479385
rosenbrock,30,0.9,0.7,100,300000,27.705545908000204,36.10174724174374
rosenbrock,30,0.9,0.7,100,300000,27.414489809998486,36.10076504774584
rosenbrock,30,0.9,0.7,100,300000,28.374930478996248,38.748604738576866
rosenbrock,30,0.9,0.7,100,300000,28.223987670004135,38.4866307218421
rosenbrock,30,0.9,0.7,100,300000,27.741142897000827,42.89765200970289
rosenbrock,30,0.9,0.7,100,300000,27.891988488998322,30.41176014579244
rosenbrock,30,0.9,0.7,100,300000,28.143729592004092,42.24440492462385
rosenbrock,30,0.9,0.7,100,300000,28.13244234800368,35.08563086857561
rosenbrock,30,0.9,0.7,100,300000,27.743903873997624,35.136540257355406
rosenbrock,30,0.9,0.7,100,300000,27.3602649989989,39.57131903482221
rosenbrock,30,0.9,0.7,100,300000,27.499218262004433,34.8619007487174
rosenbrock,30,0.9,0.7,100,300000,27.66251705900504,39.07790740675999
rosenbrock,30,0.9,0.7,100,300000,27.28028376599832,37.52648172089157
rosenbrock,30,0.9,0.7,100,300000,27.14712234399485,35.55181679950769
rosenbrock,30,0.9,0.7,100,300000,27.479427115998988,37.24459702673089
rosenbrock,30,0.9,0.7,100,300000,27.292095334996702,47.726085809240075
rosenbrock,30,0.9,0.7,100,300000,27.229411118001735,38.630511230657376
