100
200
-1 2 3
4 5 6
7 8 9
-10 11 12
-13 -14 15
-16 -17 -18
19 20 21
-22 -23 -24
25 -26 27
-28 -29 30
31 32 33
-34 -35 36
-37 -38 39
40 -41 -42
43 44 45
46 47 -48
49 50 -51
52 53 -54
-55 56 57
-58 -59 -60
-61 62 63
-64 -65 -66
-67 68 69
-70 71 -72
73 -74 75
76 -77 78
79 -80 81
-82 -83 84
85 86 87
-88 -89 90
91 92 93
94 -95 -96
-97 98 -99
100 1 2
-35 -32 -3
-36 85 96
37 -79 18
-38 -56 19
-39 -25 16
-40 3 57
41 64 -71
-42 22 -36
43 -12 10
44 91 -57
45 -59 -39
-46 23 95
47 94 48
-48 -91 52
-49 71 -85
50 -36 -16
-51 58 -56
-52 79 11
53 78 -88
-54 -97 -75
-55 52 -56
56 21 30
-57 24 77
58 -33 -74
59 -74 -56
-60 -73 20
-61 -13 45
-62 -91 16
63 94 -61
64 27 12
-65 -96 78
-66 -35 74
67 72 12
68 -1 26
69 9 -13
70 -26 97
71 43 1
-72 27 25
-73 95 70
-74 95 10
-75 -92 81
76 85 92
-77 47 81
-78 52 -56
79 20 -25
80 -79 1
81 -71 3
-82 3 -48
83 8 -100
84 -37 60
85 36 -3
-86 -96 37
87 -99 61
-88 -42 72
89 -38 93
90 16 -6
91 10 -54
92 89 -28
93 59 -36
-94 46 -6
95 -21 -84
-96 -8 -23
-97 -52 11
98 89 41
-99 -18 -46
100 70 -19
1 -2 -73
2 100 53
3 86 -65
-4 -98 -5
5 -85 19
6 -68 69
7 -20 5
8 87 -15
-9 -65 88
10 59 -35
-11 -52 -3
12 50 -59
13 -43 -32
-14 21 -26
15 -41 92
16 -71 43
17 54 35
18 -64 61
-19 99 -81
20 3 89
-21 -76 57
22 -86 -65
-23 43 -57
-24 8 -20
-25 52 43
26 9 -10
-27 13 32
28 -26 -8
-29 -88 -2
-30 -35 29
31 -35 -65
32 -25 -33
33 -40 19
-34 -73 -17
-35 -23 86
-36 -82 73
-37 6 12
38 88 60
39 28 54
40 12 -47
41 -11 21
42 10 -43
-43 -37 35
44 88 -40
45 -21 -86
-46 21 49
47 -40 -13
48 35 -15
-49 54 64
-50 -44 47
-51 7 -39
-52 54 -85
-53 -74 -54
-54 -74 79
-55 -21 -43
-56 -83 46
57 4 95
-58 80 2
-59 -83 -32
-60 81 -7
61 -62 79
-62 40 64
63 40 -94
-64 56 76
-65 60 -33
66 -45 -14
-67 -68 64
-68 30 49
-69 10 99
-70 74 -62
-71 -56 -80
72 61 -18
73 -48 -5
74 -27 -31
-75 49 47
-76 34 -6
-77 -5 -11
78 33 -5
-79 40 21
80 88 72
-81 45 -72
-82 33 34
83 -66 -49
84 31 -70
85 -68 14
-86 45 -65
87 90 -85
88 99 -73
-89 -95 12
90 -54 -1
-91 -59 -42
-92 77 -4
-93 -69 57
94 -30 84
95 -15 -51
-96 -74 -50
97 98 -95
-98 -31 41
-99 -39 34
100 -86 -25
