50
60
-1 -2 3
4 5 6
-7 -8 9
-10 11 12
-13 -14 15
-16 -17 18
19 20 21
22 -23 -24
-25 26 27
28 29 30
-31 -32 -33
-34 -35 -36
-37 -38 39
-40 41 42
-43 44 -45
46 -47 48
49 -50 1
18 6 26
19 41 35
-20 -1 -31
21 32 -11
-22 13 29
23 3 -35
-24 50 12
25 -26 -7
-26 3 -36
-27 47 -48
-28 -35 -6
-29 32 37
-30 -35 -28
31 44 45
-32 10 43
-33 3 -25
34 2 35
35 8 5
-36 -31 10
-37 -28 -10
-38 10 11
39 -7 -34
-40 -30 -17
-41 -38 -13
42 24 -26
43 -31 10
44 2 -15
45 -11 3
46 12 7
47 22 -19
-48 -14 38
-49 31 -45
50 47 -34
1 -16 34
2 1 7
3 -29 9
4 -23 21
5 -37 -44
6 -34 20
-7 -40 -19
-8 -34 22
9 -17 31
10 -39 -8
