Funcion,Blo,Bup,Max evals,Tamaño,Dimension,Omega,Phip,Phig,Lr,Tiempo,Mejor sol
sphere,-5.12,5.12,30,50,2,0.5,0.3,0.7,0.5,0.05669569969177246,0.11626902961895878
sphere,-5.12,5.12,30,50,2,0.7,0.3,0.7,0.5,0.05563044548034668,0.011623109922620193
sphere,-5.12,5.12,30,50,2,0.5,0.3,0.7,0.7,0.05992484092712402,0.005325825754150462
sphere,-5.12,5.12,30,50,2,0.7,0.3,0.7,0.7,0.05744171142578125,0.002151232385383053
sphere,-5.12,5.12,30,50,2,0.5,0.3,0.7,0.5,0.05682492256164551,0.01937762157814895
sphere,-5.12,5.12,30,50,2,0.7,0.3,0.7,0.5,0.05730628967285156,0.11586655239182311
sphere,-5.12,5.12,30,50,2,0.5,0.3,0.7,0.7,0.05723404884338379,0.01782173468260147
sphere,-5.12,5.12,30,50,2,0.7,0.3,0.7,0.7,0.057103633880615234,0.0009199336253122403
sphere,-5.12,5.12,30,50,2,0.5,0.3,0.7,0.5,0.057448625564575195,0.06487891603896957
sphere,-5.12,5.12,30,50,2,0.7,0.3,0.7,0.5,0.05543088912963867,0.044416280654035134
sphere,-5.12,5.12,30,50,2,0.5,0.3,0.7,0.7,0.06060647964477539,0.002315768862089564
sphere,-5.12,5.12,30,50,2,0.7,0.3,0.7,0.7,0.05483818054199219,0.00023649721802268032
sphere,-5.12,5.12,30,50,2,0.5,0.3,0.7,0.5,0.06060624122619629,0.029693479885698412
sphere,-5.12,5.12,30,50,2,0.7,0.3,0.7,0.5,0.05687236785888672,0.0006691128097572613
sphere,-5.12,5.12,30,50,2,0.5,0.3,0.7,0.7,0.05782771110534668,0.02190271432090883
sphere,-5.12,5.12,30,50,2,0.7,0.3,0.7,0.7,0.05577278137207031,0.01920865367085431
sphere,-5.12,5.12,30,50,2,0.5,0.3,0.7,0.5,0.05793452262878418,0.00019802834076772724
sphere,-5.12,5.12,30,50,2,0.7,0.3,0.7,0.5,0.05632758140563965,0.017610690049039292
sphere,-5.12,5.12,30,50,2,0.5,0.3,0.7,0.7,0.056802988052368164,0.13958951717551832
sphere,-5.12,5.12,30,50,2,0.7,0.3,0.7,0.7,0.055848121643066406,0.00036698983107880074
sphere,-5.12,5.12,30,50,2,0.5,0.3,0.7,0.5,0.0587160587310791,0.0011514145479393674
sphere,-5.12,5.12,30,50,2,0.7,0.3,0.7,0.5,0.05632805824279785,0.08068091282285944
sphere,-5.12,5.12,30,50,2,0.5,0.3,0.7,0.7,0.05784964561462402,0.18310935454203786
sphere,-5.12,5.12,30,50,2,0.7,0.3,0.7,0.7,0.05688977241516113,0.03746990531186305
sphere,-5.12,5.12,30,50,2,0.5,0.3,0.7,0.5,0.062340736389160156,0.049151441367725576
sphere,-5.12,5.12,30,50,2,0.7,0.3,0.7,0.5,0.05744147300720215,4.424808189832955e-05
sphere,-5.12,5.12,30,50,2,0.5,0.3,0.7,0.7,0.06098437309265137,0.00016178184373621114
sphere,-5.12,5.12,30,50,2,0.7,0.3,0.7,0.7,0.05530571937561035,0.013242228268842105
sphere,-5.12,5.12,30,50,2,0.5,0.3,0.7,0.5,0.057056427001953125,0.18914123432037497
sphere,-5.12,5.12,30,50,2,0.7,0.3,0.7,0.5,0.056920528411865234,0.1660050672627867
sphere,-5.12,5.12,30,50,2,0.5,0.3,0.7,0.7,0.05886697769165039,0.011040318580916603
sphere,-5.12,5.12,30,50,2,0.7,0.3,0.7,0.7,0.05927228927612305,0.02482875551395393
sphere,-5.12,5.12,30,50,2,0.5,0.3,0.7,0.5,0.057375431060791016,0.045879455964201316
sphere,-5.12,5.12,30,50,2,0.7,0.3,0.7,0.5,0.05695176124572754,0.00046158378561039087
sphere,-5.12,5.12,30,50,2,0.5,0.3,0.7,0.7,0.056931495666503906,0.01752512796802927
sphere,-5.12,5.12,30,50,2,0.7,0.3,0.7,0.7,0.05563974380493164,0.006743861371112664
sphere,-5.12,5.12,30,50,2,0.5,0.3,0.7,0.5,0.05724906921386719,0.14546215558686357
sphere,-5.12,5.12,30,50,2,0.7,0.3,0.7,0.5,0.05922722816467285,0.009796850200163042
sphere,-5.12,5.12,30,50,2,0.5,0.3,0.7,0.7,0.061203956604003906,0.16735423934108906
sphere,-5.12,5.12,30,50,2,0.7,0.3,0.7,0.7,0.05867123603820801,0.04782859880259402
sphere,-5.12,5.12,30,50,2,0.5,0.3,0.7,0.5,0.05683708190917969,0.21406511363803468
sphere,-5.12,5.12,30,50,2,0.7,0.3,0.7,0.5,0.05638003349304199,2.6903914988566298e-05
sphere,-5.12,5.12,30,50,2,0.5,0.3,0.7,0.7,0.05886197090148926,0.2949537916281572
sphere,-5.12,5.12,30,50,2,0.7,0.3,0.7,0.7,0.05846548080444336,0.0003287300206048628
sphere,-5.12,5.12,30,50,2,0.5,0.3,0.7,0.5,0.05865788459777832,0.01343265052248007
sphere,-5.12,5.12,30,50,2,0.7,0.3,0.7,0.5,0.056981801986694336,0.043773627849702026
sphere,-5.12,5.12,30,50,2,0.5,0.3,0.7,0.7,0.05764579772949219,0.6228941953177936
sphere,-5.12,5.12,30,50,2,0.7,0.3,0.7,0.7,0.05754995346069336,0.064194744111869
sphere,-5.12,5.12,30,50,2,0.5,0.3,0.7,0.5,0.05797004699707031,0.00024067266416429928
sphere,-5.12,5.12,30,50,2,0.7,0.3,0.7,0.5,0.057239532470703125,2.1832236721777302e-05
sphere,-5.12,5.12,30,50,2,0.5,0.3,0.7,0.7,0.057901859283447266,0.01602249031727331
sphere,-5.12,5.12,30,50,2,0.7,0.3,0.7,0.7,0.06091809272766113,2.935308565572763e-05
sphere,-5.12,5.12,30,50,2,0.5,0.3,0.7,0.5,0.06173205375671387,0.019187481960860765
sphere,-5.12,5.12,30,50,2,0.7,0.3,0.7,0.5,0.05613422393798828,0.0023394021295516055
sphere,-5.12,5.12,30,50,2,0.5,0.3,0.7,0.7,0.059996843338012695,0.0005710045724146967
sphere,-5.12,5.12,30,50,2,0.7,0.3,0.7,0.7,0.057021141052246094,7.979765425201369e-05
sphere,-5.12,5.12,30,50,2,0.5,0.3,0.7,0.5,0.05774569511413574,0.11228306371148557
sphere,-5.12,5.12,30,50,2,0.7,0.3,0.7,0.5,0.05553603172302246,0.03520801223523351
sphere,-5.12,5.12,30,50,2,0.5,0.3,0.7,0.7,0.05660581588745117,0.00479304020462918
sphere,-5.12,5.12,30,50,2,0.7,0.3,0.7,0.7,0.05599856376647949,8.68769691916205e-05
sphere,-5.12,5.12,30,50,2,0.5,0.3,0.7,0.5,0.05824017524719238,0.11168557658020344
sphere,-5.12,5.12,30,50,2,0.7,0.3,0.7,0.5,0.05676126480102539,0.011153688646709225
sphere,-5.12,5.12,30,50,2,0.5,0.3,0.7,0.7,0.05674481391906738,0.1795899017365803
sphere,-5.12,5.12,30,50,2,0.7,0.3,0.7,0.7,0.056630611419677734,0.0003714972710046953
sphere,-5.12,5.12,30,50,2,0.5,0.3,0.7,0.5,0.05651450157165527,0.6086124679662611
sphere,-5.12,5.12,30,50,2,0.7,0.3,0.7,0.5,0.05541110038757324,0.00834954434291138
sphere,-5.12,5.12,30,50,2,0.5,0.3,0.7,0.7,0.05894732475280762,0.008750727164466919
sphere,-5.12,5.12,30,50,2,0.7,0.3,0.7,0.7,0.05672907829284668,0.00013694546221182643
sphere,-5.12,5.12,30,50,2,0.5,0.3,0.7,0.5,0.05930209159851074,0.009279253089818872
sphere,-5.12,5.12,30,50,2,0.7,0.3,0.7,0.5,0.05619525909423828,0.007792619432106193
sphere,-5.12,5.12,30,50,2,0.5,0.3,0.7,0.7,0.05813026428222656,0.0018863003781500569
sphere,-5.12,5.12,30,50,2,0.7,0.3,0.7,0.7,0.05766725540161133,5.3351048445929395e-05
sphere,-5.12,5.12,30,50,2,0.5,0.3,0.7,0.5,0.05706214904785156,0.08593489370180063
sphere,-5.12,5.12,30,50,2,0.7,0.3,0.7,0.5,0.05678296089172363,0.058532789758188285
sphere,-5.12,5.12,30,50,2,0.5,0.3,0.7,0.7,0.05988717079162598,0.03887620977558071
sphere,-5.12,5.12,30,50,2,0.7,0.3,0.7,0.7,0.05700540542602539,0.011489608255605199
sphere,-5.12,5.12,30,50,2,0.5,0.3,0.7,0.5,0.05738687515258789,0.13193047813410436
sphere,-5.12,5.12,30,50,2,0.7,0.3,0.7,0.5,0.05628538131713867,9.670751138728633e-05
sphere,-5.12,5.12,30,50,2,0.5,0.3,0.7,0.7,0.057303428649902344,0.13807704425367545
sphere,-5.12,5.12,30,50,2,0.7,0.3,0.7,0.7,0.059352874755859375,0.0049471789738791475
cosin,-1.5,5.0,30,50,2,0.5,0.3,0.7,0.5,0.035158395767211914,-0.9981482645252393
cosin,-1.5,5.0,30,50,2,0.7,0.3,0.7,0.5,0.034356117248535156,-0.9994897476762714
cosin,-1.5,5.0,30,50,2,0.5,0.3,0.7,0.7,0.03959774971008301,-0.9969968841290715
cosin,-1.5,5.0,30,50,2,0.7,0.3,0.7,0.7,0.03870534896850586,-0.9998773969054648
cosin,-1.5,5.0,30,50,2,0.5,0.3,0.7,0.5,0.03632760047912598,-0.9988593314351522
cosin,-1.5,5.0,30,50,2,0.7,0.3,0.7,0.5,0.03620314598083496,-0.9991995592005012
cosin,-1.5,5.0,30,50,2,0.5,0.3,0.7,0.7,0.037344932556152344,-0.9977121944743992
cosin,-1.5,5.0,30,50,2,0.7,0.3,0.7,0.7,0.0360720157623291,-0.999991536845452
cosin,-1.5,5.0,30,50,2,0.5,0.3,0.7,0.5,0.03804183006286621,-0.997709300763731
cosin,-1.5,5.0,30,50,2,0.7,0.3,0.7,0.5,0.03686046600341797,-0.998967976188208
cosin,-1.5,5.0,30,50,2,0.5,0.3,0.7,0.7,0.03901267051696777,-0.9981874827825418
cosin,-1.5,5.0,30,50,2,0.7,0.3,0.7,0.7,0.037776947021484375,-0.999996692592586
cosin,-1.5,5.0,30,50,2,0.5,0.3,0.7,0.5,0.03869318962097168,-0.9987781864013767
cosin,-1.5,5.0,30,50,2,0.7,0.3,0.7,0.5,0.03713512420654297,-0.9999714749634588
cosin,-1.5,5.0,30,50,2,0.5,0.3,0.7,0.7,0.03711533546447754,-0.9995087774364269
cosin,-1.5,5.0,30,50,2,0.7,0.3,0.7,0.7,0.035340309143066406,-0.9993739156221294
cosin,-1.5,5.0,30,50,2,0.5,0.3,0.7,0.5,0.04100632667541504,-0.9998386279451822
cosin,-1.5,5.0,30,50,2,0.7,0.3,0.7,0.5,0.03906130790710449,-0.9990888857016778
cosin,-1.5,5.0,30,50,2,0.5,0.3,0.7,0.7,0.038225412368774414,-0.9982230157966276
cosin,-1.5,5.0,30,50,2,0.7,0.3,0.7,0.7,0.03619050979614258,-0.9999363817679391
cosin,-1.5,5.0,30,50,2,0.5,0.3,0.7,0.5,0.03812742233276367,-0.9994567356264336
cosin,-1.5,5.0,30,50,2,0.7,0.3,0.7,0.5,0.03905963897705078,-0.9980897895232974
cosin,-1.5,5.0,30,50,2,0.5,0.3,0.7,0.7,0.03717756271362305,-0.9995184369045675
cosin,-1.5,5.0,30,50,2,0.7,0.3,0.7,0.7,0.03769397735595703,-0.9999201452857723
cosin,-1.5,5.0,30,50,2,0.5,0.3,0.7,0.5,0.0486302375793457,-0.997011546632372
cosin,-1.5,5.0,30,50,2,0.7,0.3,0.7,0.5,0.035701751708984375,-0.9992983612758216
cosin,-1.5,5.0,30,50,2,0.5,0.3,0.7,0.7,0.06096839904785156,-0.9860416469837603
cosin,-1.5,5.0,30,50,2,0.7,0.3,0.7,0.7,0.036585330963134766,-0.9997682426946464
cosin,-1.5,5.0,30,50,2,0.5,0.3,0.7,0.5,0.053240299224853516,-0.9963271377611487
cosin,-1.5,5.0,30,50,2,0.7,0.3,0.7,0.5,0.05972766876220703,-0.9996824372286726
cosin,-1.5,5.0,30,50,2,0.5,0.3,0.7,0.7,0.03687477111816406,-0.9684664482229964
cosin,-1.5,5.0,30,50,2,0.7,0.3,0.7,0.7,0.033635616302490234,-0.9999957136572203
cosin,-1.5,5.0,30,50,2,0.5,0.3,0.7,0.5,0.04465031623840332,-0.9973731711152053
cosin,-1.5,5.0,30,50,2,0.7,0.3,0.7,0.5,0.03938627243041992,-0.9999442250958905
cosin,-1.5,5.0,30,50,2,0.5,0.3,0.7,0.7,0.04277801513671875,-0.9981225412575677
cosin,-1.5,5.0,30,50,2,0.7,0.3,0.7,0.7,0.04157137870788574,-0.9999653253370696
cosin,-1.5,5.0,30,50,2,0.5,0.3,0.7,0.5,0.040605783462524414,-0.961178245679742
cosin,-1.5,5.0,30,50,2,0.7,0.3,0.7,0.5,0.04797077178955078,-0.9997272787821688
cosin,-1.5,5.0,30,50,2,0.5,0.3,0.7,0.7,0.04806804656982422,-0.9852100703598695
cosin,-1.5,5.0,30,50,2,0.7,0.3,0.7,0.7,0.03685259819030762,-0.9999490340623682
cosin,-1.5,5.0,30,50,2,0.5,0.3,0.7,0.5,0.03714346885681152,-0.9935462766012397
cosin,-1.5,5.0,30,50,2,0.7,0.3,0.7,0.5,0.04229879379272461,-0.9994988215941264
cosin,-1.5,5.0,30,50,2,0.5,0.3,0.7,0.7,0.0416414737701416,-0.9815211703993827
cosin,-1.5,5.0,30,50,2,0.7,0.3,0.7,0.7,0.03473949432373047,-0.9993701013407379
cosin,-1.5,5.0,30,50,2,0.5,0.3,0.7,0.5,0.04083609580993652,-0.9953938065326499
cosin,-1.5,5.0,30,50,2,0.7,0.3,0.7,0.5,0.047692060470581055,-0.9999703959574128
cosin,-1.5,5.0,30,50,2,0.5,0.3,0.7,0.7,0.03663468360900879,-0.9999869854967914
cosin,-1.5,5.0,30,50,2,0.7,0.3,0.7,0.7,0.035135507583618164,-0.9999465137748687
cosin,-1.5,5.0,30,50,2,0.5,0.3,0.7,0.5,0.037206411361694336,-0.9904829368577264
cosin,-1.5,5.0,30,50,2,0.7,0.3,0.7,0.5,0.034731149673461914,-0.9996782697854937
cosin,-1.5,5.0,30,50,2,0.5,0.3,0.7,0.7,0.03822588920593262,-0.9971257520829377
cosin,-1.5,5.0,30,50,2,0.7,0.3,0.7,0.7,0.040953874588012695,-0.9999973470803893
cosin,-1.5,5.0,30,50,2,0.5,0.3,0.7,0.5,0.03607535362243652,-0.999859395259447
cosin,-1.5,5.0,30,50,2,0.7,0.3,0.7,0.5,0.0357661247253418,-0.9999649963756013
cosin,-1.5,5.0,30,50,2,0.5,0.3,0.7,0.7,0.056435585021972656,-0.9790331440821788
cosin,-1.5,5.0,30,50,2,0.7,0.3,0.7,0.7,0.0351865291595459,-0.9999984347033847
cosin,-1.5,5.0,30,50,2,0.5,0.3,0.7,0.5,0.03741455078125,-0.9996021597456083
cosin,-1.5,5.0,30,50,2,0.7,0.3,0.7,0.5,0.03502702713012695,-0.9997756356165048
cosin,-1.5,5.0,30,50,2,0.5,0.3,0.7,0.7,0.035980939865112305,-0.9956910668985878
cosin,-1.5,5.0,30,50,2,0.7,0.3,0.7,0.7,0.03624224662780762,-0.9999946001215343
cosin,-1.5,5.0,30,50,2,0.5,0.3,0.7,0.5,0.036405324935913086,-0.9996383444211949
cosin,-1.5,5.0,30,50,2,0.7,0.3,0.7,0.5,0.03692030906677246,-0.9999818863628881
cosin,-1.5,5.0,30,50,2,0.5,0.3,0.7,0.7,0.03599858283996582,-0.9996613554729605
cosin,-1.5,5.0,30,50,2,0.7,0.3,0.7,0.7,0.03521013259887695,-0.9999947212999152
cosin,-1.5,5.0,30,50,2,0.5,0.3,0.7,0.5,0.03605532646179199,-0.9876817298121897
cosin,-1.5,5.0,30,50,2,0.7,0.3,0.7,0.5,0.03592205047607422,-0.9990231673023249
cosin,-1.5,5.0,30,50,2,0.5,0.3,0.7,0.7,0.03864407539367676,-0.9981819145741374
cosin,-1.5,5.0,30,50,2,0.7,0.3,0.7,0.7,0.037610769271850586,-0.999999535252099
cosin,-1.5,5.0,30,50,2,0.5,0.3,0.7,0.5,0.03598308563232422,-0.9997892773896524
cosin,-1.5,5.0,30,50,2,0.7,0.3,0.7,0.5,0.03734230995178223,-0.9992362365536195
cosin,-1.5,5.0,30,50,2,0.5,0.3,0.7,0.7,0.03687095642089844,-0.9995996918556226
cosin,-1.5,5.0,30,50,2,0.7,0.3,0.7,0.7,0.03635597229003906,-0.9995749554809481
cosin,-1.5,5.0,30,50,2,0.5,0.3,0.7,0.5,0.04067540168762207,-0.9827086867731689
cosin,-1.5,5.0,30,50,2,0.7,0.3,0.7,0.5,0.03821539878845215,-0.9999660652230751
cosin,-1.5,5.0,30,50,2,0.5,0.3,0.7,0.7,0.03564882278442383,-0.9998624792469227
cosin,-1.5,5.0,30,50,2,0.7,0.3,0.7,0.7,0.03704261779785156,-0.9868628191932787
cosin,-1.5,5.0,30,50,2,0.5,0.3,0.7,0.5,0.035855770111083984,-0.9991863286099059
cosin,-1.5,5.0,30,50,2,0.7,0.3,0.7,0.5,0.03542447090148926,-0.9999973147757094
cosin,-1.5,5.0,30,50,2,0.5,0.3,0.7,0.7,0.03672385215759277,-0.9981287790391314
cosin,-1.5,5.0,30,50,2,0.7,0.3,0.7,0.7,0.035686492919921875,-0.9999934990319684
a,0.0,5.0,30,50,2,0.5,0.3,0.7,0.5,0.0442652702331543,-0.999611302908234
a,0.0,5.0,30,50,2,0.7,0.3,0.7,0.5,0.04315614700317383,-0.996052474758541
a,0.0,5.0,30,50,2,0.5,0.3,0.7,0.7,0.04449319839477539,-0.9999996638661193
a,0.0,5.0,30,50,2,0.7,0.3,0.7,0.7,0.04147934913635254,-0.9999548976750241
a,0.0,5.0,30,50,2,0.5,0.3,0.7,0.5,0.04517555236816406,-0.9900793716782238
a,0.0,5.0,30,50,2,0.7,0.3,0.7,0.5,0.0433650016784668,-0.999970704723554
a,0.0,5.0,30,50,2,0.5,0.3,0.7,0.7,0.04556536674499512,-0.9869019955343447
a,0.0,5.0,30,50,2,0.7,0.3,0.7,0.7,0.04564237594604492,-0.9998257744198258
a,0.0,5.0,30,50,2,0.5,0.3,0.7,0.5,0.04583120346069336,-0.9990943532712708
a,0.0,5.0,30,50,2,0.7,0.3,0.7,0.5,0.04141998291015625,-0.9991704016256614
a,0.0,5.0,30,50,2,0.5,0.3,0.7,0.7,0.047365665435791016,-0.9993905216520581
a,0.0,5.0,30,50,2,0.7,0.3,0.7,0.7,0.03992342948913574,-0.9997152958291463
a,0.0,5.0,30,50,2,0.5,0.3,0.7,0.5,0.04475116729736328,-0.9952398651235983
a,0.0,5.0,30,50,2,0.7,0.3,0.7,0.5,0.04528522491455078,-0.9997457347031652
a,0.0,5.0,30,50,2,0.5,0.3,0.7,0.7,0.04838418960571289,-0.9996283263211735
a,0.0,5.0,30,50,2,0.7,0.3,0.7,0.7,0.043711185455322266,-0.9992734106161885
a,0.0,5.0,30,50,2,0.5,0.3,0.7,0.5,0.04601597785949707,-0.9994724587016247
a,0.0,5.0,30,50,2,0.7,0.3,0.7,0.5,0.04244422912597656,-0.99988956970404
a,0.0,5.0,30,50,2,0.5,0.3,0.7,0.7,0.045102834701538086,-0.9989396266503499
a,0.0,5.0,30,50,2,0.7,0.3,0.7,0.7,0.052420854568481445,-0.9997674676753089
a,0.0,5.0,30,50,2,0.5,0.3,0.7,0.5,0.046391963958740234,-0.9758495040772757
a,0.0,5.0,30,50,2,0.7,0.3,0.7,0.5,0.05703306198120117,-0.9996254097316214
a,0.0,5.0,30,50,2,0.5,0.3,0.7,0.7,0.04613232612609863,-0.9975751040569898
a,0.0,5.0,30,50,2,0.7,0.3,0.7,0.7,0.04560136795043945,-0.9998411804381673
a,0.0,5.0,30,50,2,0.5,0.3,0.7,0.5,0.04708576202392578,-0.9986427236128627
a,0.0,5.0,30,50,2,0.7,0.3,0.7,0.5,0.043649911880493164,-0.9999830576105557
a,0.0,5.0,30,50,2,0.5,0.3,0.7,0.7,0.0512089729309082,-0.9997459748331001
a,0.0,5.0,30,50,2,0.7,0.3,0.7,0.7,0.04435276985168457,-0.999948252669521
a,0.0,5.0,30,50,2,0.5,0.3,0.7,0.5,0.04562687873840332,-0.9923031378624819
a,0.0,5.0,30,50,2,0.7,0.3,0.7,0.5,0.04384636878967285,-0.9997207078540115
a,0.0,5.0,30,50,2,0.5,0.3,0.7,0.7,0.053301095962524414,-0.9997544845213481
a,0.0,5.0,30,50,2,0.7,0.3,0.7,0.7,0.04331851005554199,-0.9981681478693276
a,0.0,5.0,30,50,2,0.5,0.3,0.7,0.5,0.05247187614440918,-0.9966718323047953
a,0.0,5.0,30,50,2,0.7,0.3,0.7,0.5,0.0473785400390625,-0.9999986647652174
a,0.0,5.0,30,50,2,0.5,0.3,0.7,0.7,0.045267581939697266,-0.9987026513339874
a,0.0,5.0,30,50,2,0.7,0.3,0.7,0.7,0.04309225082397461,-0.9998697768582333
a,0.0,5.0,30,50,2,0.5,0.3,0.7,0.5,0.05109810829162598,-0.9928421688857909
a,0.0,5.0,30,50,2,0.7,0.3,0.7,0.5,0.044037580490112305,-0.9998555139267472
a,0.0,5.0,30,50,2,0.5,0.3,0.7,0.7,0.05333995819091797,-0.9999009404669804
a,0.0,5.0,30,50,2,0.7,0.3,0.7,0.7,0.041797637939453125,-0.9990979450319647
a,0.0,5.0,30,50,2,0.5,0.3,0.7,0.5,0.04726839065551758,-0.9999336623729519
a,0.0,5.0,30,50,2,0.7,0.3,0.7,0.5,0.043720245361328125,-0.999955959530804
a,0.0,5.0,30,50,2,0.5,0.3,0.7,0.7,0.046247005462646484,-0.9992216333164642
a,0.0,5.0,30,50,2,0.7,0.3,0.7,0.7,0.044721364974975586,-0.999602171867883
a,0.0,5.0,30,50,2,0.5,0.3,0.7,0.5,0.04549813270568848,-0.9837833680877527
a,0.0,5.0,30,50,2,0.7,0.3,0.7,0.5,0.042882680892944336,-0.9992577502872421
a,0.0,5.0,30,50,2,0.5,0.3,0.7,0.7,0.049434661865234375,-0.9943872489944081
a,0.0,5.0,30,50,2,0.7,0.3,0.7,0.7,0.04987025260925293,-0.9998800678116834
a,0.0,5.0,30,50,2,0.5,0.3,0.7,0.5,0.04777264595031738,-0.9989281556510166
a,0.0,5.0,30,50,2,0.7,0.3,0.7,0.5,0.04473161697387695,-0.9990204482740597
a,0.0,5.0,30,50,2,0.5,0.3,0.7,0.7,0.044902801513671875,-0.999355185232616
a,0.0,5.0,30,50,2,0.7,0.3,0.7,0.7,0.05010390281677246,-0.9999482858895004
a,0.0,5.0,30,50,2,0.5,0.3,0.7,0.5,0.04644441604614258,-0.9997761240057462
a,0.0,5.0,30,50,2,0.7,0.3,0.7,0.5,0.04355502128601074,-0.9996337984011776
a,0.0,5.0,30,50,2,0.5,0.3,0.7,0.7,0.04636883735656738,-0.9999340920803425
a,0.0,5.0,30,50,2,0.7,0.3,0.7,0.7,0.04322695732116699,-0.998300841992073
a,0.0,5.0,30,50,2,0.5,0.3,0.7,0.5,0.04650998115539551,-0.9972041345649348
a,0.0,5.0,30,50,2,0.7,0.3,0.7,0.5,0.043535709381103516,-0.9998067841304675
a,0.0,5.0,30,50,2,0.5,0.3,0.7,0.7,0.04774618148803711,-0.9985886433433407
a,0.0,5.0,30,50,2,0.7,0.3,0.7,0.7,0.04311704635620117,-0.9995977160816631
a,0.0,5.0,30,50,2,0.5,0.3,0.7,0.5,0.04648160934448242,-0.9999732112197824
a,0.0,5.0,30,50,2,0.7,0.3,0.7,0.5,0.04507184028625488,-0.999737668542889
a,0.0,5.0,30,50,2,0.5,0.3,0.7,0.7,0.045542001724243164,-0.9969714520245884
a,0.0,5.0,30,50,2,0.7,0.3,0.7,0.7,0.04396176338195801,-0.9999889248904628
a,0.0,5.0,30,50,2,0.5,0.3,0.7,0.5,0.047403573989868164,-0.9995783352038866
a,0.0,5.0,30,50,2,0.7,0.3,0.7,0.5,0.04401659965515137,-0.9998924401256547
a,0.0,5.0,30,50,2,0.5,0.3,0.7,0.7,0.047237396240234375,-0.99947917334554
a,0.0,5.0,30,50,2,0.7,0.3,0.7,0.7,0.045867919921875,-0.9994565506526814
a,0.0,5.0,30,50,2,0.5,0.3,0.7,0.5,0.04551959037780762,-0.9924981481821069
a,0.0,5.0,30,50,2,0.7,0.3,0.7,0.5,0.04322338104248047,-0.9989042354472959
a,0.0,5.0,30,50,2,0.5,0.3,0.7,0.7,0.045722246170043945,-0.9992544873348737
a,0.0,5.0,30,50,2,0.7,0.3,0.7,0.7,0.04447007179260254,-0.9996016470877079
a,0.0,5.0,30,50,2,0.5,0.3,0.7,0.5,0.045877695083618164,-0.9989973839837305
a,0.0,5.0,30,50,2,0.7,0.3,0.7,0.5,0.04367876052856445,-0.9994820095823693
a,0.0,5.0,30,50,2,0.5,0.3,0.7,0.7,0.047760009765625,-0.9999453121127413
a,0.0,5.0,30,50,2,0.7,0.3,0.7,0.7,0.044347286224365234,-0.9992631297021473
a,0.0,5.0,30,50,2,0.5,0.3,0.7,0.5,0.04631686210632324,-0.9894468340482355
a,0.0,5.0,30,50,2,0.7,0.3,0.7,0.5,0.04552412033081055,-0.9989329523525402
a,0.0,5.0,30,50,2,0.5,0.3,0.7,0.7,0.046979427337646484,-0.9989362397912039
a,0.0,5.0,30,50,2,0.7,0.3,0.7,0.7,0.04430508613586426,-0.9996786821779551
b,0.0,20.0,30,50,2,0.5,0.3,0.7,0.5,0.04044222831726074,-1.9998905740274266
b,0.0,20.0,30,50,2,0.7,0.3,0.7,0.5,0.04099893569946289,-1.9998905740274266
b,0.0,20.0,30,50,2,0.5,0.3,0.7,0.7,0.03915905952453613,-1.9998905740274266
b,0.0,20.0,30,50,2,0.7,0.3,0.7,0.7,0.041068315505981445,-1.999995985414793
b,0.0,20.0,30,50,2,0.5,0.3,0.7,0.5,0.04569602012634277,-1.9998905740274266
b,0.0,20.0,30,50,2,0.7,0.3,0.7,0.5,0.0439906120300293,-1.999978261132524
b,0.0,20.0,30,50,2,0.5,0.3,0.7,0.7,0.05108332633972168,-1.9998905740274266
b,0.0,20.0,30,50,2,0.7,0.3,0.7,0.7,0.03874993324279785,-1.9998905740274266
b,0.0,20.0,30,50,2,0.5,0.3,0.7,0.5,0.04132342338562012,-1.9998905740274266
b,0.0,20.0,30,50,2,0.7,0.3,0.7,0.5,0.040706634521484375,-1.9998905740274266
b,0.0,20.0,30,50,2,0.5,0.3,0.7,0.7,0.040483951568603516,-1.9998905740274266
b,0.0,20.0,30,50,2,0.7,0.3,0.7,0.7,0.040847063064575195,-1.9999958351290221
b,0.0,20.0,30,50,2,0.5,0.3,0.7,0.5,0.04124736785888672,-1.9998905740274266
b,0.0,20.0,30,50,2,0.7,0.3,0.7,0.5,0.03938937187194824,-1.9998905740274266
b,0.0,20.0,30,50,2,0.5,0.3,0.7,0.7,0.03964638710021973,-1.9999828449319366
b,0.0,20.0,30,50,2,0.7,0.3,0.7,0.7,0.04144716262817383,-1.999969599177044
b,0.0,20.0,30,50,2,0.5,0.3,0.7,0.5,0.041445016860961914,-1.9998905740274266
b,0.0,20.0,30,50,2,0.7,0.3,0.7,0.5,0.0401458740234375,-1.9999802920608305
b,0.0,20.0,30,50,2,0.5,0.3,0.7,0.7,0.04134511947631836,-1.999911876541951
b,0.0,20.0,30,50,2,0.7,0.3,0.7,0.7,0.04193615913391113,-1.9998905740274266
b,0.0,20.0,30,50,2,0.5,0.3,0.7,0.5,0.040416717529296875,-1.9998905740274266
b,0.0,20.0,30,50,2,0.7,0.3,0.7,0.5,0.03862881660461426,-1.9998905740274266
b,0.0,20.0,30,50,2,0.5,0.3,0.7,0.7,0.04117989540100098,-1.9998905740274266
b,0.0,20.0,30,50,2,0.7,0.3,0.7,0.7,0.03846430778503418,-1.9999290261522722
b,0.0,20.0,30,50,2,0.5,0.3,0.7,0.5,0.041394710540771484,-1.9998905740274266
b,0.0,20.0,30,50,2,0.7,0.3,0.7,0.5,0.041707515716552734,-1.9998905740274266
b,0.0,20.0,30,50,2,0.5,0.3,0.7,0.7,0.04141688346862793,-1.9998905740274266
b,0.0,20.0,30,50,2,0.7,0.3,0.7,0.7,0.039092302322387695,-1.9998905740274266
b,0.0,20.0,30,50,2,0.5,0.3,0.7,0.5,0.0485537052154541,-1.999954567724099
b,0.0,20.0,30,50,2,0.7,0.3,0.7,0.5,0.0411829948425293,-1.9998905740274266
b,0.0,20.0,30,50,2,0.5,0.3,0.7,0.7,0.042017459869384766,-1.9998905740274266
b,0.0,20.0,30,50,2,0.7,0.3,0.7,0.7,0.03938603401184082,-1.9999930690612024
b,0.0,20.0,30,50,2,0.5,0.3,0.7,0.5,0.043050527572631836,-1.9998905740274266
b,0.0,20.0,30,50,2,0.7,0.3,0.7,0.5,0.03925442695617676,-1.9998905740274266
b,0.0,20.0,30,50,2,0.5,0.3,0.7,0.7,0.04184079170227051,-1.9998905740274266
b,0.0,20.0,30,50,2,0.7,0.3,0.7,0.7,0.058576107025146484,-1.9999935588320246
b,0.0,20.0,30,50,2,0.5,0.3,0.7,0.5,0.041893720626831055,-1.9998905740274266
b,0.0,20.0,30,50,2,0.7,0.3,0.7,0.5,0.038637638092041016,-1.9999417592207984
b,0.0,20.0,30,50,2,0.5,0.3,0.7,0.7,0.04100942611694336,-1.9998988643836932
b,0.0,20.0,30,50,2,0.7,0.3,0.7,0.7,0.038561105728149414,-1.999965608548749
b,0.0,20.0,30,50,2,0.5,0.3,0.7,0.5,0.041887760162353516,-1.9998905740274266
b,0.0,20.0,30,50,2,0.7,0.3,0.7,0.5,0.040724992752075195,-1.9998905740274266
b,0.0,20.0,30,50,2,0.5,0.3,0.7,0.7,0.04050850868225098,-1.9998905740274266
b,0.0,20.0,30,50,2,0.7,0.3,0.7,0.7,0.04209256172180176,-1.9998905740274266
b,0.0,20.0,30,50,2,0.5,0.3,0.7,0.5,0.04081153869628906,-1.9998905740274266
b,0.0,20.0,30,50,2,0.7,0.3,0.7,0.5,0.04010605812072754,-1.9998905740274266
b,0.0,20.0,30,50,2,0.5,0.3,0.7,0.7,0.04302358627319336,-1.9998905740274266
b,0.0,20.0,30,50,2,0.7,0.3,0.7,0.7,0.0403752326965332,-1.9999916112369573
b,0.0,20.0,30,50,2,0.5,0.3,0.7,0.5,0.03946328163146973,-1.9998905740274266
b,0.0,20.0,30,50,2,0.7,0.3,0.7,0.5,0.03732156753540039,-1.9999905475810242
b,0.0,20.0,30,50,2,0.5,0.3,0.7,0.7,0.04401803016662598,-1.9998914807159256
b,0.0,20.0,30,50,2,0.7,0.3,0.7,0.7,0.04147815704345703,-1.999939204564388
b,0.0,20.0,30,50,2,0.5,0.3,0.7,0.5,0.04583096504211426,-1.9998905740274266
b,0.0,20.0,30,50,2,0.7,0.3,0.7,0.5,0.04604053497314453,-1.9999209943212446
b,0.0,20.0,30,50,2,0.5,0.3,0.7,0.7,0.04130959510803223,-1.9998905740274266
b,0.0,20.0,30,50,2,0.7,0.3,0.7,0.7,0.03818082809448242,-1.9998905740274266
b,0.0,20.0,30,50,2,0.5,0.3,0.7,0.5,0.04254627227783203,-1.9998905740274266
b,0.0,20.0,30,50,2,0.7,0.3,0.7,0.5,0.03930974006652832,-1.9998905740274266
b,0.0,20.0,30,50,2,0.5,0.3,0.7,0.7,0.03807544708251953,-1.9998905740274266
b,0.0,20.0,30,50,2,0.7,0.3,0.7,0.7,0.03804755210876465,-1.9998905740274266
b,0.0,20.0,30,50,2,0.5,0.3,0.7,0.5,0.038396596908569336,-1.9998905740274266
b,0.0,20.0,30,50,2,0.7,0.3,0.7,0.5,0.03781437873840332,-1.9998905740274266
b,0.0,20.0,30,50,2,0.5,0.3,0.7,0.7,0.04225945472717285,-1.9999773337433355
b,0.0,20.0,30,50,2,0.7,0.3,0.7,0.7,0.039565324783325195,-1.9998905740274266
b,0.0,20.0,30,50,2,0.5,0.3,0.7,0.5,0.04564309120178223,-1.9998905740274266
b,0.0,20.0,30,50,2,0.7,0.3,0.7,0.5,0.04564094543457031,-1.9999552758754213
b,0.0,20.0,30,50,2,0.5,0.3,0.7,0.7,0.04216599464416504,-1.9998905740274266
b,0.0,20.0,30,50,2,0.7,0.3,0.7,0.7,0.04700446128845215,-1.9999191315056226
b,0.0,20.0,30,50,2,0.5,0.3,0.7,0.5,0.0398259162902832,-1.9998905740274266
b,0.0,20.0,30,50,2,0.7,0.3,0.7,0.5,0.03625154495239258,-1.9998905740274266
b,0.0,20.0,30,50,2,0.5,0.3,0.7,0.7,0.03911995887756348,-1.9998905740274266
b,0.0,20.0,30,50,2,0.7,0.3,0.7,0.7,0.040824174880981445,-1.9998905740274266
b,0.0,20.0,30,50,2,0.5,0.3,0.7,0.5,0.04021000862121582,-1.9998905740274266
b,0.0,20.0,30,50,2,0.7,0.3,0.7,0.5,0.039107322692871094,-1.999999031739554
b,0.0,20.0,30,50,2,0.5,0.3,0.7,0.7,0.04359889030456543,-1.9999465407697996
b,0.0,20.0,30,50,2,0.7,0.3,0.7,0.7,0.038961172103881836,-1.9998905740274266
b,0.0,20.0,30,50,2,0.5,0.3,0.7,0.5,0.03864574432373047,-1.9998975830542929
b,0.0,20.0,30,50,2,0.7,0.3,0.7,0.5,0.044608354568481445,-1.9999960455076145
b,0.0,20.0,30,50,2,0.5,0.3,0.7,0.7,0.039695024490356445,-1.9999919610896544
b,0.0,20.0,30,50,2,0.7,0.3,0.7,0.7,0.0377049446105957,-1.9998905740274266
c,1.0,5.0,30,50,2,0.5,0.3,0.7,0.5,0.04957413673400879,-1.9987213206967618
c,1.0,5.0,30,50,2,0.7,0.3,0.7,0.5,0.04515647888183594,-1.9998973149846218
c,1.0,5.0,30,50,2,0.5,0.3,0.7,0.7,0.04816031455993652,-1.9930438706048963
c,1.0,5.0,30,50,2,0.7,0.3,0.7,0.7,0.04404139518737793,-1.9999758829612402
c,1.0,5.0,30,50,2,0.5,0.3,0.7,0.5,0.04905223846435547,-1.9964498792626044
c,1.0,5.0,30,50,2,0.7,0.3,0.7,0.5,0.04530143737792969,-1.9995430657717517
c,1.0,5.0,30,50,2,0.5,0.3,0.7,0.7,0.0483098030090332,-1.9997573053408968
c,1.0,5.0,30,50,2,0.7,0.3,0.7,0.7,0.045469045639038086,-1.9998134976128883
c,1.0,5.0,30,50,2,0.5,0.3,0.7,0.5,0.04880666732788086,-1.9960382513146409
c,1.0,5.0,30,50,2,0.7,0.3,0.7,0.5,0.04583334922790527,-1.9999886980548292
c,1.0,5.0,30,50,2,0.5,0.3,0.7,0.7,0.04783511161804199,-1.9999093175751912
c,1.0,5.0,30,50,2,0.7,0.3,0.7,0.7,0.05526471138000488,-1.999993613262839
c,1.0,5.0,30,50,2,0.5,0.3,0.7,0.5,0.048150062561035156,-1.995013163351758
c,1.0,5.0,30,50,2,0.7,0.3,0.7,0.5,0.044493913650512695,-1.9998776490145804
c,1.0,5.0,30,50,2,0.5,0.3,0.7,0.7,0.047347307205200195,-1.9999431182640048
c,1.0,5.0,30,50,2,0.7,0.3,0.7,0.7,0.04590177536010742,-1.9998441156333784
c,1.0,5.0,30,50,2,0.5,0.3,0.7,0.5,0.047327518463134766,-1.9842436150997935
c,1.0,5.0,30,50,2,0.7,0.3,0.7,0.5,0.045557498931884766,-1.9997304842767865
c,1.0,5.0,30,50,2,0.5,0.3,0.7,0.7,0.047980308532714844,-1.9998948829814018
c,1.0,5.0,30,50,2,0.7,0.3,0.7,0.7,0.04775071144104004,-1.9999347249454758
c,1.0,5.0,30,50,2,0.5,0.3,0.7,0.5,0.04800224304199219,-1.9998815251263045
c,1.0,5.0,30,50,2,0.7,0.3,0.7,0.5,0.04594779014587402,-1.9999915409775761
c,1.0,5.0,30,50,2,0.5,0.3,0.7,0.7,0.050090789794921875,-1.9997071762150918
c,1.0,5.0,30,50,2,0.7,0.3,0.7,0.7,0.0456545352935791,-1.999649196259193
c,1.0,5.0,30,50,2,0.5,0.3,0.7,0.5,0.05090451240539551,-1.988729707447039
c,1.0,5.0,30,50,2,0.7,0.3,0.7,0.5,0.04709124565124512,-1.999948886790448
c,1.0,5.0,30,50,2,0.5,0.3,0.7,0.7,0.04770636558532715,-1.9958268316697225
c,1.0,5.0,30,50,2,0.7,0.3,0.7,0.7,0.050313711166381836,-1.9997141562885752
c,1.0,5.0,30,50,2,0.5,0.3,0.7,0.5,0.049121856689453125,-1.9999549124527998
c,1.0,5.0,30,50,2,0.7,0.3,0.7,0.5,0.04613924026489258,-1.9999971137408274
c,1.0,5.0,30,50,2,0.5,0.3,0.7,0.7,0.04975295066833496,-1.9999965261164907
c,1.0,5.0,30,50,2,0.7,0.3,0.7,0.7,0.04687952995300293,-1.9998532458036102
c,1.0,5.0,30,50,2,0.5,0.3,0.7,0.5,0.05804109573364258,-1.9996938912184454
c,1.0,5.0,30,50,2,0.7,0.3,0.7,0.5,0.04768562316894531,-1.9982517155302857
c,1.0,5.0,30,50,2,0.5,0.3,0.7,0.7,0.048778533935546875,-1.99995966932676
c,1.0,5.0,30,50,2,0.7,0.3,0.7,0.7,0.049236297607421875,-1.9998543182088453
c,1.0,5.0,30,50,2,0.5,0.3,0.7,0.5,0.054480552673339844,-1.9967385629378838
c,1.0,5.0,30,50,2,0.7,0.3,0.7,0.5,0.04549741744995117,-1.999907258650977
c,1.0,5.0,30,50,2,0.5,0.3,0.7,0.7,0.048218488693237305,-1.998518402204605
c,1.0,5.0,30,50,2,0.7,0.3,0.7,0.7,0.057167768478393555,-1.999530765869503
c,1.0,5.0,30,50,2,0.5,0.3,0.7,0.5,0.04721212387084961,-1.9978509191925387
c,1.0,5.0,30,50,2,0.7,0.3,0.7,0.5,0.04683232307434082,-1.9998982950534678
c,1.0,5.0,30,50,2,0.5,0.3,0.7,0.7,0.047426700592041016,-1.9997018044677564
c,1.0,5.0,30,50,2,0.7,0.3,0.7,0.7,0.04557514190673828,-1.9999564395750973
c,1.0,5.0,30,50,2,0.5,0.3,0.7,0.5,0.04918646812438965,-1.9965541480471218
c,1.0,5.0,30,50,2,0.7,0.3,0.7,0.5,0.045516252517700195,-1.9993496078385078
c,1.0,5.0,30,50,2,0.5,0.3,0.7,0.7,0.049561500549316406,-1.9982238575636537
c,1.0,5.0,30,50,2,0.7,0.3,0.7,0.7,0.046334266662597656,-1.9999988316929365
c,1.0,5.0,30,50,2,0.5,0.3,0.7,0.5,0.04804372787475586,-1.9981981522162922
c,1.0,5.0,30,50,2,0.7,0.3,0.7,0.5,0.04818534851074219,-1.9999900885291535
c,1.0,5.0,30,50,2,0.5,0.3,0.7,0.7,0.047806739807128906,-1.9995308005272843
c,1.0,5.0,30,50,2,0.7,0.3,0.7,0.7,0.04620647430419922,-1.999612521582598
c,1.0,5.0,30,50,2,0.5,0.3,0.7,0.5,0.048879384994506836,-1.9970191408302065
c,1.0,5.0,30,50,2,0.7,0.3,0.7,0.5,0.044782400131225586,-1.999965665590246
c,1.0,5.0,30,50,2,0.5,0.3,0.7,0.7,0.04937481880187988,-1.998854865005922
c,1.0,5.0,30,50,2,0.7,0.3,0.7,0.7,0.05424189567565918,-1.999933469867604
c,1.0,5.0,30,50,2,0.5,0.3,0.7,0.5,0.04817461967468262,-1.9995680195428966
c,1.0,5.0,30,50,2,0.7,0.3,0.7,0.5,0.06766700744628906,-1.9999519303206699
c,1.0,5.0,30,50,2,0.5,0.3,0.7,0.7,0.04940080642700195,-1.9994955204766849
c,1.0,5.0,30,50,2,0.7,0.3,0.7,0.7,0.04779386520385742,-1.9999132808213618
c,1.0,5.0,30,50,2,0.5,0.3,0.7,0.5,0.05475664138793945,-1.999262691246574
c,1.0,5.0,30,50,2,0.7,0.3,0.7,0.5,0.04729866981506348,-1.9993781048035872
c,1.0,5.0,30,50,2,0.5,0.3,0.7,0.7,0.0493464469909668,-1.9984761241760796
c,1.0,5.0,30,50,2,0.7,0.3,0.7,0.7,0.04770803451538086,-1.999648522780252
c,1.0,5.0,30,50,2,0.5,0.3,0.7,0.5,0.05065155029296875,-1.9992427134883388
c,1.0,5.0,30,50,2,0.7,0.3,0.7,0.5,0.04736590385437012,-1.9992823616154984
c,1.0,5.0,30,50,2,0.5,0.3,0.7,0.7,0.0489046573638916,-1.9977774168597295
c,1.0,5.0,30,50,2,0.7,0.3,0.7,0.7,0.04797220230102539,-1.999593485875767
c,1.0,5.0,30,50,2,0.5,0.3,0.7,0.5,0.052967071533203125,-1.9992539642414202
c,1.0,5.0,30,50,2,0.7,0.3,0.7,0.5,0.0479884147644043,-1.999824244735717
c,1.0,5.0,30,50,2,0.5,0.3,0.7,0.7,0.04975700378417969,-1.9999587860863488
c,1.0,5.0,30,50,2,0.7,0.3,0.7,0.7,0.05085349082946777,-1.999452393469818
c,1.0,5.0,30,50,2,0.5,0.3,0.7,0.5,0.04876375198364258,-1.9935756147472676
c,1.0,5.0,30,50,2,0.7,0.3,0.7,0.5,0.047266483306884766,-1.9998454686535634
c,1.0,5.0,30,50,2,0.5,0.3,0.7,0.7,0.05776381492614746,-1.9994308192416472
c,1.0,5.0,30,50,2,0.7,0.3,0.7,0.7,0.04876518249511719,-1.9998991432988706
c,1.0,5.0,30,50,2,0.5,0.3,0.7,0.5,0.05201411247253418,-1.9874287857929125
c,1.0,5.0,30,50,2,0.7,0.3,0.7,0.5,0.04831337928771973,-1.9999936773203613
c,1.0,5.0,30,50,2,0.5,0.3,0.7,0.7,0.05218768119812012,-1.9987656400917433
c,1.0,5.0,30,50,2,0.7,0.3,0.7,0.7,0.04919886589050293,-1.9999547552377333
sphere,-5.12,5.12,30,50,2,0.75,0.3,0.7,0.4,0.05348920822143555,0.0008595911947101677,
sphere,-5.12,5.12,30,50,2,0.5,0.3,0.7,0.5,0.055921077728271484,0.0052505191088400155,
sphere,-5.12,5.12,30,50,2,0.7,0.3,0.7,0.5,0.054318904876708984,0.10452841497805213,
sphere,-5.12,5.12,30,50,2,0.7,0.3,0.7,0.7,0.05347585678100586,0.02385045975255205,
sphere,-5.12,5.12,30,50,2,0.5,0.3,0.7,0.7,0.05665755271911621,0.15500191476896458,
cosin,-1.5,5.0,30,50,2,0.5,0.3,0.7,0.5,0.03644394874572754,-0.9996195190176589,
cosin,-1.5,5.0,30,50,2,0.7,0.3,0.7,0.5,0.041004180908203125,-0.995740839804804,
cosin,-1.5,5.0,30,50,2,0.7,0.3,0.7,0.7,0.03513836860656738,-0.9999906461464682,
cosin,-1.5,5.0,30,50,2,0.5,0.3,0.7,0.7,0.0353703498840332,-0.9980580488872068,
a,0.0,5.0,30,50,2,0.5,0.3,0.7,0.5,0.04330945014953613,-0.9979120390522678,
a,0.0,5.0,30,50,2,0.7,0.3,0.7,0.5,0.04314708709716797,-0.9997336159183462,
a,0.0,5.0,30,50,2,0.7,0.3,0.7,0.7,0.04106616973876953,-0.9991873629157473,
a,0.0,5.0,30,50,2,0.5,0.3,0.7,0.7,0.04598355293273926,-0.9965927640371474,
b,0.0,20.0,30,50,2,0.5,0.3,0.7,0.5,0.038275718688964844,-1.9998905740274266,
b,0.0,20.0,30,50,2,0.7,0.3,0.7,0.5,0.03801727294921875,-1.9998905740274266,
b,0.0,20.0,30,50,2,0.7,0.3,0.7,0.7,0.0400693416595459,-1.9999844260337256,
b,0.0,20.0,30,50,2,0.5,0.3,0.7,0.7,0.038901329040527344,-1.9998905740274266,
c,1.0,5.0,30,50,2,0.5,0.3,0.7,0.5,0.04722785949707031,-1.9999757918413565,
c,1.0,5.0,30,50,2,0.7,0.3,0.7,0.5,0.0495913028717041,-1.999442603361012,
c,1.0,5.0,30,50,2,0.7,0.3,0.7,0.7,0.045900583267211914,-1.9999093830482424,
c,1.0,5.0,30,50,2,0.5,0.3,0.7,0.7,0.09392809867858887,-1.999580439954768,
